# Created by Octave 4.2.2, Fri Jul 31 09:32:53 2020 CEST <abraham@HP-Pavilion-Notebook>
# name: w
# type: matrix
# rows: 1000
# columns: 3
 3.704028049681658 -0.6778485517999878 -1.787183331468724
 -3.633398612952635 1.797270146333203 -0.7344815725538869
 0.9263820139917246 2.825397862521428 -0.3122653300868524
 -3.110322945648479 -1.939709697663724 -0.4869996889229922
 1.94032641384016 0.8930756858836829 4.32367348495715
 -3.394790953899425 -1.933225781127314 -1.882249122044897
 -0.6453678694197971 -1.303179709833301 3.405568818829786
 -0.005348785666807053 -3.767767821315168 3.710059860739569
 -3.518485128931802 -2.005927108909074 -1.808481557050189
 0.2538682032231536 1.465711838075227 0.8467983166418936
 4.346455739443844 -0.6459691431343495 -2.251016562037468
 -3.640362927594635 1.819333003149965 -0.6298856820865665
 -0.9473920717074866 0.2556884989148216 -1.038157715738645
 2.081150499946032 0.6998902071171331 3.953670126940993
 2.657868405468778 -0.8316563981775744 5.787314995663891
 -20.63460567131897 -11.46911684761036 14.82251662562357
 -1.764966221430131 -2.423496050999681 0.335783598661757
 2.504926645537108 1.044633965108986 1.483507142091097
 3.906744923685823 1.215788401564433 -0.02501014582344809
 -3.929636992347463 -1.686221312797505 -1.552005430543829
 -2.376276397064205 -2.396448883017622 0.3432908045314206
 1.165700250192779 -1.317835739301757 3.460394970581797
 -0.7488167263628237 -2.374310435988958 1.421853925564511
 6.660586284212812 -2.527320939454811 -0.9380340375830466
 4.99626821353803 -3.17709685743082 -2.238495542637322
 -3.570660751545719 1.435706468011789 -0.7154839419812279
 4.761314731823699 -1.690271193347862 0.1832432809189147
 -4.066345598434568 -0.1869516778479794 -1.309046975725594
 1.391575752290935 -1.023337420512459 -1.435656872361616
 4.994769950952195 -2.834488656294011 2.443801968399775
 -1.512351417742465 -2.154374134677164 -0.1865801588604607
 -3.71147311859561 -1.495808030860026 -2.08259636671436
 -0.6239445428088382 -3.554298729448649 3.106024491802152
 3.703840672315805 -1.388215153699742 0.7856607657253947
 -2.492375391522528 -1.674889820793886 1.88961157250005
 -3.906053132876169 0.6848980764724971 -1.025859755427881
 -3.760458729634391 1.831646210873238 -0.09691498827261993
 4.537476428271591 -0.8650649716881429 1.077754415518825
 2.908986051137982 1.507152308907912 2.513424868613181
 -1.431229092902551 -3.037088067023992 -0.2008452891367335
 3.916994981632902 -3.460325693446404 -1.013030532905733
 5.004697469695173 -0.631630906288021 1.273379011904725
 -1.248789726285133 -3.520599798645249 2.849884370771959
 -3.793655635329645 0.5177546489486543 -1.209949219540551
 -3.501010194298257 -1.87019002185998 -2.015678430159276
 -2.873758082202218 -1.821719393298751 -1.559590598399587
 -3.897517148376754 0.9255225454341313 -1.013195312868885
 0.6307097455691428 1.427025464659301 4.361581081132983
 5.354041595418394 2.081816360170615 -0.5468993873692835
 -0.9910067593038432 -0.7311581602056459 -1.752623472123368
 3.647367011124719 -0.9883805204250166 3.365111144977416
 -3.907858878728894 -1.405166554057835 -1.844023871978677
 -3.673602658332503 1.905834763513804 -0.4731701150774715
 5.535579903717978 -3.436919438425013 -3.318340792040616
 1.876160970760749 1.188015892245775 1.672672228907906
 2.790999029876697 -0.6978643716402283 -1.849696814120712
 6.176348366990831 0.2181954577298026 -2.181064086288491
 2.474510278936525 -1.994303768031643 1.835513524529311
 5.143572297297356 -2.802939373077225 -1.266606226643101
 -2.025073565402593 2.160147796584845 -0.1079752796122427
 -3.738082372443297 -1.549800766086097 -2.016109936560237
 -3.76084935774579 -1.21200239863149 -0.4827142977364551
 -1.514060056224187 -2.615847920077782 2.544417836541213
 -1.544744593949726 -1.833942715348591 0.9459190051927171
 -0.03862371640632942 1.245773430622341 4.013579488962423
 -2.194309188232086 -3.306677536415451 1.853844209992241
 -1.573766782349408 0.5343325524536358 -0.9683313279470209
 0.2612603374616354 -1.905930106687651 5.133552655648438
 -3.6705451666959 -1.248523390945083 -1.57742035574491
 3.219054834359364 -1.878300943982994 -3.26218357991779
 1.008346950933394 2.248638772174671 3.498526881862678
 0.2433004146155724 2.224235113564176 -0.1063608457361777
 2.119459138452737 0.8159597795950297 1.932076936893051
 3.925837105225062 -1.142163592221633 2.087265501273261
 0.976056535673328 2.101954235021832 1.152459409135629
 -3.921219506398752 -1.397274728439729 -1.807484809165977
 -3.765771048308928 0.9214387298910873 -0.4069050664301431
 2.465699494994138 -6.764029116583369 -2.18999967277478
 2.531055923531398 -0.4224982808286712 2.708396380478409
 -2.887741458855878 -0.9308270846457496 -0.5855477222027772
 2.711099887953714 -0.8424025776742317 1.012868392811834
 -3.41770725132017 -1.995687973432084 -1.265784872935485
 1.895668898232514 1.594572966368488 1.495092467093345
 1.395514999921653 -0.825256808339954 -2.116007897349525
 -0.2667769286601248 -0.08053433228474001 -1.314221812326378
 2.468914971951934 -0.339475038482192 -1.172311906293234
 -1.900728018875766 -2.341684518198107 2.67525400276154
 0.06073243051111327 2.061009643142859 -1.185253474469365
 -2.826897975921093 -1.934074230253163 -0.901821817933845
 -3.357655246473044 2.123121356583506 -0.3796953605684513
 1.274253176755504 -1.803904369136631 1.20499961307791
 -3.586161690835374 1.581982358409509 -0.6716359900016811
 4.092767612111684 -3.097660237510127 -1.979053068420455
 8.303017316143045 -16.80172319109861 -9.676191710380543
 -3.922507799340124 -0.4232903651776256 -1.007105229965065
 4.426031814165895 -3.336065808129734 -0.7601829427868153
 1.240395063872982 2.027525128047724 -1.624457742307241
 -3.947329030475346 -0.6752684433199471 -1.064347347282025
 0.7862508326625403 4.526170652809325 1.531278430715473
 0.7514695824539355 0.01060021074041857 4.947856900380831
 1.768691627659469 -1.568426001245029 0.9104646342513902
 0.8199451386777546 1.758303020983162 0.6938851451076772
 5.471778725782626 -0.3720018690899171 -2.274143443834145
 -1.235526631150388 -2.292087506541813 -0.608956235016756
 3.813901644162847 -3.523078964609731 -1.294287381336335
 -4.080178955278723 -0.789435379659797 -1.331451882340386
 0.8288743436201186 -0.4123894912834994 -0.9953865875980368
 0.3570837879608809 5.532659422063897 0.377320036347393
 -3.010995429317323 2.62306041694563 -17.4018997381742
 0.7715604537514269 1.187482331738806 4.010712071324565
 1.854317515183552 0.2360356876159945 4.346843674082148
 0.6618264125320752 0.3149373400970451 -1.43140373249244
 -2.772681284454972 -2.288295513622831 -0.2733219990636065
 3.135699864918961 -3.191773530104712 -1.483686290617868
 -1.086901012477742 -0.5985579058823405 0.4564517516188171
 -4.02153660441796 -0.3024348044873694 -0.4470133426295506
 -2.632492663768139 -0.2942046518673426 1.080014948724352
 2.343671708210857 4.569932172127947 -0.327428766226695
 -0.0957066782701151 -2.203837792702754 0.9617419047688913
 0.4743161061421755 1.442697545906721 3.353203353232509
 -0.1886087820420999 -1.199833665861425 -3.947675097596562
 3.179603987522653 -0.2798120928134826 -0.8389764888886456
 -2.185138355653366 0.1524676798695354 -1.723005015953413
 -3.956188134185728 -0.03923934107032465 -1.59630049973351
 -3.51205424355246 -1.261368419693066 -2.435465082089746
 -3.946390092528046 -0.8232232658816085 -2.137178512437398
 2.027162954305088 4.823867630009989 1.522365829657157
 0.4769597931624887 -0.1924078329401458 3.371864041252879
 0.8050092748601806 0.4160802596377454 3.799386139706581
 5.877115700930913 -2.114247315597209 -2.045761104225337
 -4.149294960259832 -0.4724340908057968 -1.639377594351034
 -0.8681997709990992 1.080655049955727 2.512959082385001
 7.120641529598486 -1.321216496720324 -0.6565071783218832
 -4.516689265068011 0.9988247171006983 -1.57434330161525
 -0.0111310622963972 -4.464323722958182 3.652847994492342
 6.95356880292378 -0.6448107991695029 -0.8501630635238284
 1.081770737188277 4.655695152704069 0.4330857109028616
