# Created by Octave 4.2.2, Fri Jul 31 11:13:00 2020 CEST <abraham@HP-Pavilion-Notebook>
# name: w
# type: matrix
# rows: 1000
# columns: 3
 47.25640988973917 11.58482680632782 7.016337623615573
 80.77471266632315 22.07239227060153 -0.4565846066021039
 -34.32380238543391 27.4002413317621 7.398397331221587
 52.2236347343077 38.92718560881409 -93.41941480552134
 -20.58776223865927 44.82253733172853 -64.05455289911784
 -37.19772079125651 10.66850573564099 0.6156130570539927
 5.649654012779084 106.5311247489288 -0.05637309755513571
 83.07668374595787 26.32202745984607 -4.89747113281012
 16.69253915769625 114.6161812962136 -63.15843128742311
 2.176507462166267 29.60812508173904 -64.19844373310939
 -39.55254584774299 69.2163233800828 -93.02659758671582
 -21.66233062669002 67.81881750666787 -79.32024797802679
 4.109766753628144 2.432791912736543 6.345216040365398
 -38.68664715043214 59.6838599656779 -101.1219576625999
 0.2470802607680319 69.1983902810705 -102.8929167722376
 -1381.292588439526 -283.6901425810709 582.1208156667576
 -9.752449642627797 50.15463922211833 -95.01662251187834
 32.56336065594014 103.988435483707 -93.46430886451294
 54.76399773486633 60.17851403404635 -67.42931475254457
 29.04684353731859 54.88585915884834 -108.4369909568035
 5.181212464518203 78.52769219353354 -63.79100265440019
 -12.57121359220742 80.42998990147072 -11.38924677503755
 27.08739098982364 14.77802702166404 -46.52439414519754
 -16.34701964227612 5.074219984126644 -12.43235439553207
 -44.10800187438852 66.44523140724787 -44.08453638240105
 20.8057021713124 12.28131329986252 -54.81118245279337
 -26.65849831709722 65.89514754129024 -39.47837051111988
 2.695568636577617 105.1034454222366 -71.99276918339733
 49.31438929303761 35.76264605425389 -19.07099107400325
 -42.40180909803116 94.67460341168115 -11.13229629332479
 44.26557261188631 26.60611384681935 -66.12239814583899
 -19.56328560771553 19.83304232091478 -67.50740881567863
 13.14843917994359 55.71756858505314 -65.96515763265685
 30.87677828179417 43.09394520891988 -45.25520107259551
 73.87922974634081 97.50003780814507 -69.28729819480716
 4.316423428122084 7.659926702907276 -72.96278614925963
 27.65207468010708 8.136382884609564 -95.42933943998291
 66.91956601816533 5.347499125090896 -57.37976950988394
 -3.158995467818278 47.76189410941959 -85.50154312193783
 -9.19214740311047 51.9208039715894 -65.47578542704788
 -17.7650906242933 41.9427461719031 1.965665074066003
 -8.704039363919183 -11.38820702643452 -114.9002752727942
 -43.52800015499281 42.97982397155312 -107.8744406895678
 53.0959722604932 20.16950617442722 -31.08234571781305
 26.81024233147869 15.87702717688619 -68.71265389129235
 -6.068163976868608 -3.515321612994438 -25.26255278049151
 78.82883781713193 -10.58281426126686 -105.1912062672035
 -32.30112813264881 8.717379990284048 -96.62804822595922
 10.49657429047693 15.10661004436091 -21.93786415193135
 41.44507839837812 92.8274486282337 -90.76453068272049
 75.4468926490771 -8.851112370411579 -10.00459658400803
 66.05629186227277 80.94670650248821 -60.05990312411153
 43.92053134191522 114.3870083717601 -17.82128676339305
 8.315695922402343 95.75151091449759 -57.08738645843068
 15.54826595616824 78.52307115418371 -16.86280442188509
 -26.50278294584711 22.79025606076042 -9.216334969206036
 76.87694465183351 45.84284861106834 -9.158091848348427
 -1.932500415147016 60.55914001500422 -49.37097887674631
 59.4912930813139 -5.562929312443593 -115.782142502321
 -8.110202313336695 91.92067581645557 -67.66019028813615
 75.4672530526764 -8.138963922900773 -45.72009784693174
 73.96134328120026 58.04804711192374 -53.54111855291278
 -9.274434806254433 -11.35459601157982 -30.60751146409475
 46.89552939332703 69.93419118506372 -80.41133404355865
 19.28356538910016 -0.4476056249819544 -100.9702115406364
 37.08403939802316 32.41587746976742 -40.19321492566663
 -37.82220775110004 4.180214465349564 -116.4285445805629
 -44.03107414153815 109.2723254392156 -6.0626387671047
 60.94672955261742 25.94324234056973 -117.0119408558512
 -9.64768420156244 40.9625392658705 -88.13638522638182
 -5.089345165835164 106.3056056260602 -71.49799415450883
 -14.56737667583138 -3.220826653461463 -32.57095166562577
 79.3424994568341 107.5214329862901 -86.47463796187455
 78.32628582970672 16.33186063553004 -29.52694166740445
 51.29180826527254 71.93857414997953 -44.44850048307816
 71.12629023978155 -10.5784140563326 -10.73860062573206
 -21.00700883631816 10.12901774092465 -69.09138419520939
 1.483176615087208 35.2683968800596 -91.00507639391341
 17.8986061593674 64.61470020024619 -2.967164079053175
 2.831284129368408 10.55933435673031 -15.65882330226685
 -0.1016606940655777 78.11190749271677 -40.62358667528436
 -7.038572573866714 27.63314032249657 -110.1983203940247
 -5.787100212831228 7.661755444193827 -102.3840709829984
 55.60457512576277 20.77028116524383 -40.0705094551138
 71.33907467012371 51.79147473937295 -13.32975447279362
 -24.70921277482051 30.04662299486472 -75.59227981399326
 28.01486027647797 57.48834979714641 -37.56793179843316
 -26.56350348647763 77.93006135255192 -10.92867642274689
 27.28555402799484 79.7626515866973 -14.50768233730229
 -8.736076718332432 62.06858616263298 -77.68287001062704
 51.44135499698785 37.58662671158934 -86.52187005050298
 23.01446373731212 20.64285238281048 -14.1367222431313
 6.207377570171802 115.7829512835339 -95.36367206293252
 15.51299529415076 32.4033815405555 -112.1384571861087
 68.1558214976754 87.69276060168893 4.204546660630021
 -13.52742295141395 15.01093256109488 -66.16005917393545
 -42.9027544904576 53.79343150393709 -28.92068290224144
 36.24819240958173 67.49132844385205 -41.02818426065329
 77.88301129614945 107.6789537529564 -36.15014308202168
 -30.65544030473721 73.24747910239188 -14.48597998785838
 21.76913599449069 -2.961663463693565 -63.53256030344227
 76.78465986361729 42.14634965769434 -6.653260029233044
 66.4357094324636 73.96364939210869 -62.96958193311488
 33.49605384624035 64.93396167444659 -79.34900354578143
 -15.35578305029297 65.23280036163774 2.74494360203318
 -18.02204933731703 73.26564531355481 -116.1250076388684
 -10.93399585516672 60.77095584155132 -78.16807485104508
 48.10716368467747 40.42672277196969 -1.35099611908369
 -41.62765444519192 86.62633285615074 -99.77635280052696
 -32.19335865564193 44.66872509268441 -90.20940780566679
 75.82601123534543 -4.793790075610215 -3.706795237446051
 1.836873460943844 -1.921405003197616 -73.77525996943928
 -27.96269316847801 82.08346540858238 -61.39806222316661
 -29.91190322397109 17.82626036118349 -109.7291211512917
 7.330151852676117 34.71815933553359 4.296530183050953
 -19.75549914703995 55.26304743528867 -93.42396551179748
 63.0504366885841 47.49281945353622 -70.26120844915343
 2.616111644763512 109.34095568291 -33.84991112691182
 -37.63302471832781 7.697212822386668 -20.64927068930478
 77.738863288776 60.92879680418737 -49.85610892950854
 55.02570820862809 109.1997618272224 -25.14137644096745
 6.652985296146646 15.29766245049011 -59.50074001782166
 -43.028674849161 11.30084521373517 -36.57537945900971
 59.13845913694875 98.79002438221366 -96.1738125074196
 -4.246697794743005 109.2740059335603 -85.40791054278037
 -20.36380375540831 67.24544783542994 -59.02812129167143
 63.74164809004866 7.925305341847975 -117.3880844204919
 49.12344783641941 95.19395404583246 -87.59114653859432
 19.12791097947681 115.5075506154543 -26.45507971339416
 -9.628789746759834 16.29706009982264 -5.079170869140891
 67.61756814304191 13.29744557876351 -93.60324186536089
 18.86997681813072 -4.813724761061579 5.931809586541988
 -17.27653897902267 105.0477108019439 -67.96393859242006
 -9.697204151518086 -9.082088087683506 -52.55736780194925
 63.91946537762194 8.611315914750884 5.614530638704782
 -17.38759884862744 76.38607866839307 -46.48607118201521
 28.80619761698098 -2.323949293547379 -100.833850389023
 -19.01617600212358 4.07159958131894 -81.01983590457773
 34.70428563251493 12.85114875767507 -96.59085024591418
